Part Location Report for C677-7_152409000006G_Final_(I380_first_release).pcb on 01.04.2026 14:10:39

Name     Position X Position Y Rotation   Layer Name                     
------------------------------------------------------------------------
C100     49,649     13,004     0,000      Top                            
C101     49,649     14,354     0,000      Top                            
C102     49,249     15,704     0,000      Top                            
C103     44,749     15,904     90,000     Top                            
C104     38,249     17,404     270,000    Bottom                         
C105     36,299     17,304     270,000    Bottom                         
C106     30,149     17,754     270,000    Bottom                         
C107     28,249     17,504     270,000    Bottom                         
C108     25,449     15,554     180,000    Bottom                         
C109     28,899     18,204     270,000    Top                            
C110     30,449     18,404     270,000    Top                            
C111     31,299     13,654     90,000     Top                            
C112     34,199     11,054     0,000      Top                            
C113     33,549     9,404      0,000      Top                            
C114     72,599     12,204     180,000    Bottom                         
C115     64,349     12,504     90,000     Top                            
C116     71,849     8,954      270,000    Bottom                         
C117     26,249     13,704     180,000    Bottom                         
C118     26,099     4,454      180,000    Bottom                         
C119     26,049     12,054     180,000    Bottom                         
C120     26,249     6,154      180,000    Bottom                         
C121     28,549     6,304      0,000      Bottom                         
C122     22,199     8,454      90,000     Bottom                         
C123     30,199     11,804     0,000      Bottom                         
C124     30,049     4,604      0,000      Bottom                         
C125     34,599     14,554     90,000     Bottom                         
C126     33,499     10,454     90,000     Bottom                         
C200     96,299     8,004      45,000     Top                            
C201     96,799     3,604      225,000    Top                            
C202     98,299     4,804      45,000     Top                            
C203     96,499     9,854      45,000     Top                            
C204     94,849     14,804     135,000    Top                            
C205     95,699     15,354     135,000    Top                            
C206     96,399     12,654     45,000     Top                            
C207     97,499     10,654     315,000    Top                            
C208     80,949     4,454      90,000     Top                            
C209     80,149     4,454      90,000     Top                            
C210     86,649     4,504      135,000    Bottom                         
C211     87,349     3,254      135,000    Bottom                         
C212     70,449     17,454     270,000    Top                            
C213     51,749     15,854     180,000    Top                            
C214     51,299     18,504     90,000     Top                            
C215     57,899     16,254     270,000    Top                            
C216     59,849     17,054     0,000      Top                            
C217     59,599     13,954     270,000    Top                            
C218     61,919     13,954     270,000    Top                            
C219     93,699     14,754     315,000    Top                            
C220     95,849     13,204     225,000    Top                            
C221     82,149     4,454      270,000    Top                            
C300     97,999     7,404      270,000    Bottom                         
C301     107,049    10,254     180,000    Bottom                         
C302     93,699     16,554     315,000    Top                            
C303     96,399     16,004     135,000    Top                            
C304     96,199     18,054     90,000     Top                            
C305     99,849     7,904      180,000    Top                            
C306     101,599    7,904      180,000    Top                            
C307     101,149    9,704      0,000      Top                            
C308     99,699     12,854     225,000    Top                            
C309     100,949    14,104     225,000    Top                            
C310     99,249     15,054     45,000     Top                            
C311     91,549     17,104     135,000    Top                            
C312     107,699    16,054     0,000      Top                            
C313     99,999     18,354     135,000    Top                            
C314     90,099     18,104     315,000    Top                            
C315     94,849     18,454     0,000      Top                            
C316     103,999    15,254     180,000    Top                            
C317     102,649    15,654     270,000    Top                            
C318     99,149     17,554     315,000    Top                            
C319     98,449     19,054     225,000    Top                            
C400     49,549     6,304      180,000    Bottom                         
C401     33,599     6,854      90,000     Bottom                         
C402     45,749     7,404      90,000     Bottom                         
C403     43,899     7,104      0,000      Top                            
C404     43,899     4,654      0,000      Top                            
C405     39,099     6,904      180,000    Top                            
C406     39,099     4,854      180,000    Top                            
C407     49,599     3,804      180,000    Bottom                         
C408     41,710     5,448      270,000    Bottom                         
C409     41,599     2,604      270,000    Bottom                         
C410     53,649     8,904      180,000    Top                            
C411     85,949     17,604     45,000     Top                            
C412     38,399     7,304      180,000    Bottom                         
C413     43,099     5,454      90,000     Bottom                         
C414     35,249     5,104      90,000     Bottom                         
C415     54,849     10,054     0,000      Top                            
C416     35,467     2,140      270,000    Bottom                         
C417     56,049     8,904      0,000      Top                            
C418     82,549     14,404     225,000    Top                            
C419     80,749     16,054     135,000    Top                            
C500     82,699     2,654      270,000    Top                            
C501     86,049     1,904      0,000      Top                            
C502     87,599     2,404      315,000    Top                            
C503     92,399     2,604      45,000     Top                            
C600     83,549     16,904     180,000    Top                            
C601     109,799    15,554     90,000     Top                            
C602     105,899    1,304      180,000    Bottom                         
C603     107,599    8,104      180,000    Bottom                         
C604     58,999     3,954      90,000     Bottom                         
C605     58,049     4,954      270,000    Bottom                         
C606     57,499     11,754     270,000    Top                            
C607     60,299     10,854     180,000    Top                            
C608     81,199     16,954     135,000    Top                            
C609     30,499     7,254      90,000     Top                            
C610     82,949     18,304     225,000    Top                            
C611     32,099     7,304      180,000    Top                            
C612     103,899    7,404      90,000     Bottom                         
C700     28,449     15,754     270,000    Top                            
C701     25,149     16,504     90,000     Top                            
C702     26,049     14,904     0,000      Top                            
C703     25,849     8,154      270,000    Top                            
C704     26,949     13,404     180,000    Top                            
C705     23,749     17,054     270,000    Top                            
C706     22,399     16,254     270,000    Top                            
C707     19,599     15,654     0,000      Top                            
C708     18,899     17,004     0,000      Top                            
C709     21,399     17,404     90,000     Top                            
C710     20,399     17,404     90,000     Top                            
C711     27,599     10,404     90,000     Top                            
C712     19,599     9,604      180,000    Bottom                         
C713     19,149     14,154     180,000    Top                            
C714     17,399     9,054      135,000    Top                            
C715     27,999     12,004     0,000      Top                            
C716     23,749     14,154     0,000      Top                            
C717     26,649     9,904      270,000    Top                            
C718     18,699     7,754      315,000    Top                            
C800     16,949     14,704     0,000      Bottom                         
C801     12,899     12,904     0,000      Top                            
C802     12,899     13,854     180,000    Top                            
C803     16,549     13,354     270,000    Top                            
C804     15,549     13,354     270,000    Top                            
C805     10,699     13,404     270,000    Top                            
C806     9,699      13,404     270,000    Top                            
C807     8,699      13,404     270,000    Top                            
C808     16,549     11,204     270,000    Top                            
C809     15,549     11,204     270,000    Top                            
C810     10,699     11,154     270,000    Top                            
C811     9,699      11,154     270,000    Top                            
C812     8,699      11,154     270,000    Top                            
C813     12,899     10,704     180,000    Top                            
C814     12,899     11,704     180,000    Top                            
C815     16,949     9,904      180,000    Bottom                         
D100     49,499     10,204     0,000      Top                            
D101     46,449     14,754     90,000     Top                            
D102     41,499     18,754     180,000    Bottom                         
D103     63,649     9,904      0,000      Top                            
D200     67,949     9,854      270,000    Top                            
D300     104,249    6,854      0,000      Top                            
D301     102,649    6,854      0,000      Top                            
D302     107,149    15,204     0,000      Top                            
D303     105,549    15,204     0,000      Top                            
D400     43,249     9,254      0,000      Top                            
D401     41,649     10,704     180,000    Bottom                         
D500     72,249     3,204      180,000    Top                            
D501     8,999      2,304      0,000      Top                            
D502     77,049     4,454      0,000      Top                            
D503     76,249     2,854      180,000    Top                            
D504     74,449     2,804      180,000    Top                            
D600     110,849    15,454     270,000    Top                            
D601     60,399     9,704      90,000     Bottom                         
D602     59,599     9,204      0,000      Top                            
D800     7,349      12,854     0,000      Top                            
D801     7,299      11,654     0,000      Top                            
FID100   21,249     16,004     0,000      Bottom                         
FID101   44,699     12,204     0,000      Top                            
FID102   73,399     17,454     0,000      Top                            
FID103   14,049     18,554     0,000      Top                            
FID104   65,949     13,704     0,000      Bottom                         
FID105   95,149     2,054      0,000      Top                            
FID106   49,249     17,154     0,000      Bottom                         
FID107   35,549     4,854      0,000      Top                            
J300     107,049    10,304     0,000      Top                            
J500     7,599      7,404      180,000    Top                            
J501     74,499     7,804      0,000      Top                            
L100     33,199     18,304     0,000      Bottom                         
L101     68,799     8,304      180,000    Bottom                         
L102     68,849     9,904      180,000    Bottom                         
L103     29,099     8,704      180,000    Bottom                         
L200     96,999     14,254     315,000    Top                            
L201     64,399     18,054     180,000    Top                            
L202     97,949     12,054     45,000     Top                            
L203     78,849     4,054      180,000    Top                            
L300     98,149     10,704     270,000    Bottom                         
L301     100,549    11,354     90,000     Top                            
L302     101,599    11,354     90,000     Top                            
L303     101,199    16,654     135,000    Top                            
L304     100,449    15,954     135,000    Top                            
L305     107,149    11,304     0,000      Bottom                         
L306     104,049    11,504     180,000    Bottom                         
L307     87,599     17,354     45,000     Top                            
L308     89,199     11,854     0,000      Bottom                         
L600     112,549    16,054     180,000    Top                            
L601     113,249    10,754     270,000    Top                            
L700     26,799     16,204     180,000    Top                            
L800     17,799     13,554     135,000    Top                            
L801     17,799     11,004     225,000    Top                            
Q100     47,249     18,254     270,000    Top                            
Q101     41,399     16,454     90,000     Top                            
Q300     101,799    5,604      180,000    Bottom                         
Q400     41,399     12,304     0,000      Top                            
Q600     103,599    2,254      90,000     Bottom                         
Q601     61,399     4,404      180,000    Bottom                         
Q602     65,999     5,304      0,000      Bottom                         
Q603     62,949     9,004      0,000      Bottom                         
Q604     32,549     5,504      180,000    Top                            
R100     49,549     18,104     90,000     Top                            
R101     44,899     18,804     90,000     Top                            
R102     43,899     15,804     0,000      Bottom                         
R103     38,149     14,604     270,000    Top                            
R104     31,249     11,104     270,000    Top                            
R105     43,949     18,804     270,000    Top                            
R106     91,899     8,754      180,000    Bottom                         
R107     24,849     10,904     180,000    Bottom                         
R108     23,599     6,004      90,000     Bottom                         
R109     22,999     10,954     180,000    Bottom                         
R110     33,349     13,904     90,000     Bottom                         
R111     36,549     14,454     180,000    Bottom                         
R112     34,649     11,954     270,000    Bottom                         
R200     98,049     9,254      45,000     Top                            
R201     80,299     5,854      180,000    Top                            
R202     67,349     17,254     270,000    Top                            
R203     68,949     17,254     90,000     Top                            
R204     96,999     5,354      135,000    Top                            
R205     95,799     6,004      225,000    Top                            
R300     99,699     6,654      90,000     Bottom                         
R301     99,949     8,254      0,000      Bottom                         
R302     78,949     14,004     135,000    Top                            
R303     88,649     18,154     135,000    Top                            
R304     87,449     18,804     45,000     Top                            
R305     79,649     14,704     135,000    Top                            
R306     98,799     3,854      90,000     Bottom                         
R307     98,599     16,354     135,000    Top                            
R308     97,999     15,704     135,000    Top                            
R309     94,549     17,054     135,000    Top                            
R311     76,649     13,254     90,000     Top                            
R312     75,699     13,254     90,000     Top                            
R313     77,599     13,254     90,000     Top                            
R314     79,399     12,204     135,000    Top                            
R315     93,149     18,704     225,000    Top                            
R316     92,149     19,104     225,000    Top                            
R317     92,449     17,554     315,000    Top                            
R400     44,049     10,004     90,000     Bottom                         
R401     85,249     18,254     45,000     Top                            
R402     35,699     7,054      180,000    Bottom                         
R403     54,849     13,254     180,000    Bottom                         
R404     54,849     12,304     0,000      Bottom                         
R405     58,149     12,304     0,000      Bottom                         
R406     56,499     12,304     180,000    Bottom                         
R500     80,249     3,004      180,000    Bottom                         
R501     80,249     3,004      0,000      Top                            
R502     80,249     1,854      0,000      Top                            
R503     89,449     1,804      45,000     Top                            
R504     92,049     1,104      0,000      Top                            
R600     110,299    10,254     270,000    Bottom                         
R601     111,649    10,604     180,000    Bottom                         
R602     105,199    7,004      0,000      Bottom                         
R603     56,899     3,504      180,000    Bottom                         
R604     68,299     4,704      270,000    Bottom                         
R605     57,049     5,054      90,000     Bottom                         
R606     66,299     9,304      270,000    Bottom                         
R607     65,299     9,304      90,000     Bottom                         
R608     57,699     9,104      0,000      Bottom                         
R609     57,699     7,104      0,000      Bottom                         
R610     55,249     6,604      270,000    Bottom                         
R611     59,049     10,954     90,000     Bottom                         
R612     54,249     5,704      90,000     Bottom                         
R613     27,999     6,804      90,000     Top                            
R614     29,149     6,804      90,000     Top                            
R615     33,499     7,654      270,000    Top                            
R616     30,599     4,254      90,000     Top                            
R617     34,899     8,404      270,000    Top                            
R618     54,249     4,004      270,000    Bottom                         
R700     28,899     9,954      0,000      Top                            
R701     22,299     3,904      0,000      Top                            
R702     23,649     4,304      90,000     Top                            
R703     24,649     6,154      180,000    Top                            
R800     15,249     14,704     180,000    Bottom                         
R801     7,349      13,854     180,000    Top                            
R802     15,249     9,904      0,000      Bottom                         
R803     7,349      10,654     180,000    Top                            
TP100    47,999     7,554      0,000      Top                            
TP101    54,649     14,004     0,000      Top                            
TP102    28,799     13,904     0,000      Bottom                         
TP103    15,199     16,654     0,000      Top                            
TP104    97,449     1,454      0,000      Top                            
TP105    108,149    7,354      90,000     Top                            
TP106    38,249     18,754     180,000    Top                            
TP107    74,399     15,654     180,000    Top                            
TP108    44,099     18,604     0,000      Bottom                         
TP109    36,299     19,154     0,000      Bottom                         
TP110    26,749     5,554      0,000      Top                            
TP111    38,149     13,204     0,000      Top                            
TP112    30,199     12,804     0,000      Top                            
TP113    98,649     11,154     0,000      Top                            
TP114    64,599     8,504      180,000    Top                            
TP115    70,899     9,404      90,000     Bottom                         
TP116    78,949     10,754     0,000      Bottom                         
TP117    76,699     10,104     90,000     Bottom                         
TP118    76,699     8,804      90,000     Bottom                         
TP119    23,599     7,254      180,000    Bottom                         
TP120    24,199     11,904     270,000    Bottom                         
TP121    23,249     11,854     0,000      Bottom                         
TP122    24,449     6,354      0,000      Bottom                         
TP123    21,099     7,704      270,000    Bottom                         
TP124    26,899     9,004      90,000     Bottom                         
TP125    31,399     10,254     270,000    Bottom                         
TP126    32,999     12,004     270,000    Bottom                         
TP127    37,999     14,454     90,000     Bottom                         
TP200    80,249     7,004      0,000      Top                            
TP201    81,799     5,954      0,000      Top                            
TP202    96,199     4,904      0,000      Top                            
TP203    97,799     7,654      90,000     Top                            
TP204    81,549     3,004      0,000      Bottom                         
TP205    91,249     2,954      0,000      Top                            
TP206    95,299     6,804      0,000      Top                            
TP207    81,599     13,304     0,000      Top                            
TP208    95,449     9,004      0,000      Top                            
TP209    94,599     13,804     0,000      Top                            
TP210    85,099     3,554      0,000      Bottom                         
TP211    85,949     2,104      0,000      Bottom                         
TP212    71,549     18,204     0,000      Top                            
TP213    67,699     15,304     0,000      Top                            
TP214    68,549     15,304     270,000    Top                            
TP215    61,249     18,704     180,000    Top                            
TP216    57,949     18,054     180,000    Top                            
TP217    52,849     19,354     180,000    Top                            
TP218    51,149     16,704     180,000    Top                            
TP219    52,999     14,554     180,000    Top                            
TP220    52,749     18,054     180,000    Top                            
TP221    57,949     19,354     180,000    Top                            
TP222    96,699     11,654     0,000      Top                            
TP223    82,999     4,604      0,000      Top                            
TP300    97,949     8,754      90,000     Bottom                         
TP301    80,549     12,354     0,000      Top                            
TP302    89,299     17,054     0,000      Top                            
TP303    86,749     19,354     0,000      Top                            
TP304    80,999     14,604     0,000      Top                            
TP305    93,849     3,954      90,000     Top                            
TP306    99,749     4,204      90,000     Bottom                         
TP307    105,699    10,254     0,000      Bottom                         
TP308    97,049     16,604     0,000      Top                            
TP309    97,649     17,204     0,000      Top                            
TP310    95,299     17,554     0,000      Top                            
TP311    100,349    8,804      270,000    Top                            
TP312    101,149    8,804      270,000    Top                            
TP313    99,599     14,104     225,000    Top                            
TP314    100,199    14,704     225,000    Top                            
TP315    79,949     10,004     180,000    Top                            
TP316    74,849     12,854     180,000    Top                            
TP317    80,749     10,604     180,000    Top                            
TP318    80,399     11,354     180,000    Top                            
TP319    91,049     18,404     0,000      Top                            
TP320    89,599     12,754     135,000    Bottom                         
TP321    93,599     17,904     0,000      Top                            
TP322    106,524    16,129     270,000    Top                            
TP323    97,499     19,454     90,000     Top                            
TP324    101,799    15,154     270,000    Top                            
TP325    97,099     18,754     90,000     Top                            
TP326    107,749    12,604     0,000      Bottom                         
TP327    105,649    11,454     0,000      Bottom                         
TP328    78,049     14,854     0,000      Top                            
TP329    76,599     14,504     0,000      Top                            
TP400    41,149     3,254      0,000      Top                            
TP401    44,049     10,704     180,000    Top                            
TP402    83,699     5,404      180,000    Bottom                         
TP403    40,049     7,204      45,000     Bottom                         
TP404    36,999     1,554      225,000    Bottom                         
TP405    92,649     4,204      135,000    Top                            
TP406    84,449     18,404     315,000    Bottom                         
TP407    41,749     7,254      45,000     Bottom                         
TP408    53,549     12,054     225,000    Top                            
TP409    84,299     18,604     225,000    Top                            
TP410    38,399     6,404      45,000     Bottom                         
TP411    36,349     6,154      45,000     Bottom                         
TP412    55,899     12,054     225,000    Top                            
TP413    56,049     13,204     225,000    Bottom                         
TP414    56,899     13,204     45,000     Bottom                         
TP500    8,099      1,354      180,000    Top                            
TP501    81,549     3,004      0,000      Top                            
TP502    10,899     1,404      180,000    Top                            
TP503    81,499     1,854      0,000      Top                            
TP504    79,049     1,854      0,000      Top                            
TP505    89,099     2,704      180,000    Top                            
TP506    77,499     2,554      0,000      Top                            
TP507    90,649     2,304      0,000      Top                            
TP508    90,749     1,104      0,000      Top                            
TP600    113,249    15,054     180,000    Top                            
TP601    110,299    11,454     180,000    Bottom                         
TP602    105,399    2,204      180,000    Bottom                         
TP603    111,849    15,054     0,000      Top                            
TP604    105,449    3,204      180,000    Bottom                         
TP605    104,799    7,904      180,000    Bottom                         
TP606    55,649     3,504      0,000      Bottom                         
TP607    58,149     3,504      90,000     Bottom                         
TP608    59,049     5,404      180,000    Bottom                         
TP609    63,599     4,404      90,000     Bottom                         
TP610    63,999     11,254     0,000      Bottom                         
TP611    66,299     8,054      0,000      Bottom                         
TP612    60,049     7,454      180,000    Bottom                         
TP613    55,249     7,854      0,000      Bottom                         
TP614    55,199     5,404      0,000      Bottom                         
TP615    62,450     11,150     0,000      Top                            
TP616    58,549     10,954     0,000      Top                            
TP617    27,049     6,804      0,000      Top                            
TP618    34,399     7,154      0,000      Top                            
TP619    35,849     8,004      0,000      Top                            
TP620    30,599     5,504      0,000      Top                            
TP621    31,549     3,804      90,000     Top                            
TP622    34,349     5,504      0,000      Top                            
TP623    113,249    12,354     0,000      Top                            
TP624    112,049    9,704      0,000      Bottom                         
TP700    26,099     17,254     180,000    Top                            
TP701    19,349     17,904     0,000      Top                            
TP702    21,549     15,804     180,000    Top                            
TP703    24,249     7,004      180,000    Top                            
TP704    20,899     6,554      180,000    Top                            
TP705    23,399     6,254      180,000    Top                            
TP706    21,799     4,904      180,000    Top                            
TP707    21,699     5,954      180,000    Top                            
TP708    28,499     10,854     180,000    Top                            
TP709    19,099     8,654      0,000      Bottom                         
TP710    20,449     14,154     0,000      Top                            
TP711    18,749     12,904     180,000    Top                            
TP712    18,649     11,654     180,000    Top                            
TP713    18,299     14,354     270,000    Bottom                         
TP714    18,299     10,354     0,000      Bottom                         
TP715    18,449     9,304      180,000    Top                            
TP716    26,699     12,054     180,000    Top                            
TP717    23,299     15,054     180,000    Top                            
TP718    25,799     10,854     180,000    Top                            
TP719    19,049     8,754      270,000    Top                            
TP800    14,199     13,854     180,000    Top                            
TP801    11,599     13,854     180,000    Top                            
TP802    14,199     10,704     180,000    Top                            
TP803    11,599     10,704     180,000    Top                            
U100     34,849     15,904     90,000     Top                            
U101     74,299     9,804      0,000      Bottom                         
U102     24,749     9,054      90,000     Bottom                         
U103     37,049     12,054     270,000    Bottom                         
U200     88,249     9,904      315,000    Top                            
U201     55,399     17,404     0,000      Top                            
U400     38,499     3,904      90,000     Bottom                         
U600     104,699    5,104      90,000     Bottom                         
U601     107,699    5,854      90,000     Bottom                         
U700     22,499     10,854     270,000    Top                            
V200     69,049     13,354     270,000    Top                            
V201     66,799     13,304     270,000    Top                            
X100     58,399     4,004      0,000      Top                            
X600     115,949    14,954     90,000     Top                            
X601     115,949    12,354     90,000     Top                            
Y200     99,149     3,054      225,000    Top                            
Y700     15,999     6,804      135,000    Top                            
------------------------------------------------------------------------
