Part Location Report for C663-7_152409000005G_final_(I380_first_release).pcb on 01.04.2026 14:06:45

Name     Position X Position Y Rotation   Layer Name                     
------------------------------------------------------------------------
C100     68,602     17,965     90,000     Top                            
C101     65,252     12,965     180,000    Top                            
C102     67,202     17,965     90,000     Top                            
C103     69,402     18,015     90,000     Bottom                         
C104     75,952     10,265     180,000    Bottom                         
C105     74,902     12,115     180,000    Bottom                         
C106     76,602     16,415     0,000      Bottom                         
C107     75,752     18,265     0,000      Bottom                         
C108     79,052     17,815     270,000    Bottom                         
C109     81,552     16,715     0,000      Top                            
C110     81,352     15,115     0,000      Top                            
C111     80,552     5,315      270,000    Top                            
C112     83,602     3,365      180,000    Top                            
C113     86,502     4,565      90,000     Top                            
C114     47,602     6,365      270,000    Bottom                         
C115     51,402     11,565     90,000     Top                            
C116     47,402     8,815      90,000     Bottom                         
C117     84,352     18,465     180,000    Bottom                         
C118     84,552     9,865      180,000    Bottom                         
C119     84,552     11,565     180,000    Bottom                         
C120     84,152     16,765     180,000    Bottom                         
C121     87,252     11,365     0,000      Bottom                         
C122     80,702     12,415     270,000    Bottom                         
C123     88,652     17,365     0,000      Bottom                         
C124     88,652     9,765      0,000      Bottom                         
C125     93,052     3,115      270,000    Bottom                         
C126     88,252     3,065      270,000    Bottom                         
C200     30,602     18,865     0,000      Top                            
C201     33,402     16,065     270,000    Top                            
C202     33,402     17,815     90,000     Top                            
C203     26,652     17,965     135,000    Top                            
C204     20,700     16,750     225,000    Top                            
C205     20,000     17,450     225,000    Top                            
C206     22,400     16,800     225,000    Top                            
C207     22,000     17,750     225,000    Top                            
C208     31,800     5,050      225,000    Top                            
C209     32,200     4,300      225,000    Top                            
C210     30,500     8,500      45,000     Bottom                         
C211     31,500     9,500      45,000     Bottom                         
C212     42,302     16,465     270,000    Top                            
C213     63,602     17,115     0,000      Top                            
C214     64,052     15,015     270,000    Top                            
C215     57,902     17,565     90,000     Top                            
C216     56,702     17,265     90,000     Top                            
C217     48,802     18,315     180,000    Top                            
C218     53,602     18,315     0,000      Top                            
C219     21,000     15,700     45,000     Top                            
C220     23,650     18,050     225,000    Top                            
C221     31,200     5,650      45,000     Top                            
C300     17,800     2,100      270,000    Bottom                         
C301     1,300      10,200     180,000    Top                            
C302     18,202     15,215     45,000     Top                            
C303     19,552     16,165     315,000    Top                            
C304     15,600     17,050     135,000    Top                            
C305     5,100      15,850     180,000    Top                            
C306     8,500      14,950     0,000      Top                            
C307     9,850      15,300     270,000    Top                            
C308     14,152     18,565     45,000     Top                            
C309     13,950     16,150     225,000    Top                            
C310     16,000     18,350     225,000    Top                            
C311     16,352     14,365     225,000    Top                            
C312     14,502     5,765      0,000      Top                            
C313     14,502     10,815     0,000      Top                            
C314     16,802     13,115     45,000     Top                            
C315     14,950     15,750     225,000    Top                            
C316     12,702     5,765      0,000      Top                            
C317     13,602     6,765      180,000    Top                            
C318     12,652     10,815     0,000      Top                            
C319     13,602     11,815     180,000    Top                            
C400     75,952     7,915      180,000    Bottom                         
C401     71,202     5,565      0,000      Bottom                         
C402     71,302     6,815      180,000    Top                            
C403     76,102     8,365      0,000      Top                            
C404     76,102     6,015      0,000      Top                            
C405     71,202     7,915      0,000      Bottom                         
C406     71,302     4,465      180,000    Top                            
C407     76,102     3,615      0,000      Top                            
C408     83,202     5,665      270,000    Bottom                         
C409     83,302     2,915      270,000    Bottom                         
C410     59,502     9,765      180,000    Top                            
C411     18,150     8,950      90,000     Top                            
C412     80,452     8,415      90,000     Bottom                         
C413     76,302     5,365      90,000     Bottom                         
C414     74,952     5,365      90,000     Bottom                         
C415     59,002     8,665      180,000    Top                            
C416     77,152     2,615      270,000    Bottom                         
C417     57,802     9,765      0,000      Top                            
C418     22,302     6,615      315,000    Bottom                         
C419     19,602     5,115      315,000    Top                            
C500     33,800     2,950      225,000    Top                            
C501     34,150     8,100      45,000     Top                            
C502     33,500     9,200      315,000    Top                            
C503     34,700     13,100     45,000     Top                            
C600     17,452     6,515      225,000    Top                            
C601     3,100      15,850     0,000      Top                            
C602     8,950      1,350      270,000    Bottom                         
C603     7,650      7,650      180,000    Bottom                         
C604     60,202     8,165      180,000    Bottom                         
C605     63,102     7,265      90,000     Bottom                         
C606     55,852     11,665     270,000    Top                            
C607     53,802     10,965     0,000      Top                            
C608     18,152     5,865      225,000    Top                            
C609     77,002     10,915     270,000    Top                            
C610     16,850     7,850      135,000    Top                            
C611     77,802     16,615     90,000     Top                            
C612     5,350      6,900      0,000      Bottom                         
C700     91,952     6,165      90,000     Top                            
C701     88,952     6,965      180,000    Top                            
C702     88,552     8,165      180,000    Top                            
C703     88,802     17,215     315,000    Top                            
C704     88,052     9,865      0,000      Top                            
C705     91,552     7,915      180,000    Top                            
C706     92,202     9,265      180,000    Top                            
C707     95,402     8,965      180,000    Top                            
C708     95,902     7,565      180,000    Top                            
C709     93,602     7,265      270,000    Top                            
C710     94,552     7,265      270,000    Top                            
C711     87,352     13,865     270,000    Top                            
C712     94,352     14,915     0,000      Bottom                         
C713     95,452     10,265     0,000      Top                            
C714     96,852     16,265     270,000    Top                            
C715     87,052     11,915     270,000    Top                            
C716     90,552     10,215     180,000    Top                            
C717     88,352     15,165     90,000     Top                            
C718     96,852     18,065     90,000     Top                            
C800     96,952     10,165     180,000    Bottom                         
C801     101,652    11,515     180,000    Top                            
C802     101,652    10,615     0,000      Top                            
C803     97,952     11,090     90,000     Top                            
C804     98,902     11,090     90,000     Top                            
C805     103,852    11,090     90,000     Top                            
C806     104,852    11,090     90,000     Top                            
C807     105,852    11,090     90,000     Top                            
C808     97,952     13,165     90,000     Top                            
C809     98,902     13,165     90,000     Top                            
C810     103,852    13,165     90,000     Top                            
C811     104,852    13,165     90,000     Top                            
C812     105,852    13,165     90,000     Top                            
C813     101,652    13,640     0,000      Top                            
C814     101,652    12,765     0,000      Top                            
C815     96,952     14,065     0,000      Bottom                         
D100     63,902     10,115     180,000    Top                            
D101     71,052     17,715     90,000     Bottom                         
D102     72,402     12,515     90,000     Bottom                         
D103     49,850     8,900      0,000      Top                            
D200     45,850     9,700      90,000     Top                            
D300     5,200      15,000     180,000    Top                            
D301     7,000      14,950     180,000    Top                            
D302     9,900      6,950      180,000    Top                            
D303     11,500     6,950      180,000    Top                            
D400     72,402     9,715      90,000     Top                            
D401     73,202     14,265     270,000    Top                            
D500     106,550    0,950      0,000      Top                            
D501     104,900    1,900      180,000    Top                            
D502     35,550     4,500      0,000      Top                            
D503     34,350     11,300     225,000    Top                            
D504     40,250     12,550     0,000      Top                            
D600     3,000      15,050     180,000    Top                            
D601     53,252     6,915      180,000    Bottom                         
D602     53,952     8,915      180,000    Top                            
D800     107,202    11,590     180,000    Top                            
D801     107,202    12,640     180,000    Top                            
FID100   100,252    7,865      0,000      Top                            
FID101   41,050     2,900      0,000      Top                            
FID102   52,902     13,865     0,000      Top                            
FID103   65,902     16,065     0,000      Bottom                         
FID104   18,350     14,100     0,000      Bottom                         
FID105   62,452     10,615     0,000      Bottom                         
FID106   17,700     2,800      0,000      Top                            
FID107   39,502     17,265     0,000      Top                            
J300     6,952      10,015     0,000      Top                            
J500     106,452    7,215      180,000    Top                            
J501     39,500     7,450      0,000      Top                            
L100     75,852     14,265     180,000    Bottom                         
L101     48,500     11,550     270,000    Top                            
L102     49,850     11,250     270,000    Top                            
L103     87,852     13,665     180,000    Bottom                         
L200     19,650     19,150     0,000      Top                            
L201     49,302     15,615     0,000      Top                            
L202     21,400     18,800     135,000    Top                            
L203     31,600     5,150      90,000     Bottom                         
L300     19,850     2,600      0,000      Bottom                         
L301     11,900     15,800     0,000      Top                            
L302     12,350     14,700     0,000      Top                            
L303     14,252     8,415      90,000     Top                            
L304     13,014     8,379      90,000     Top                            
L305     1,550      11,800     270,000    Top                            
L306     6,500      10,800     180,000    Bottom                         
L307     18,550     11,050     225,000    Top                            
L308     25,650     1,150      270,000    Top                            
L600     1,550      15,100     90,000     Top                            
L601     -0,150     9,450      315,000    Top                            
L700     90,252     5,765      180,000    Top                            
L800     96,752     10,915     315,000    Top                            
L801     96,752     13,340     45,000     Top                            
Q100     72,102     17,865     270,000    Top                            
Q101     69,352     14,265     180,000    Top                            
Q300     12,600     2,800      0,000      Bottom                         
Q400     69,352     10,115     90,000     Top                            
Q600     6,650      1,600      0,000      Bottom                         
Q601     60,702     5,765      270,000    Bottom                         
Q602     57,052     6,115      0,000      Bottom                         
Q603     50,402     5,865      90,000     Bottom                         
Q604     77,602     14,415     270,000    Top                            
R100     74,402     18,465     270,000    Top                            
R101     69,802     18,465     90,000     Top                            
R102     69,352     13,765     270,000    Bottom                         
R103     84,802     6,265      180,000    Top                            
R104     82,452     5,115      0,000      Top                            
R105     72,852     18,465     90,000     Bottom                         
R106     42,152     5,965      270,000    Bottom                         
R107     83,552     15,565     180,000    Bottom                         
R108     81,852     10,615     90,000     Bottom                         
R109     81,652     15,615     180,000    Bottom                         
R110     91,352     6,465      180,000    Bottom                         
R111     94,052     3,215      270,000    Bottom                         
R112     90,352     5,065      0,000      Bottom                         
R200     27,552     18,965     180,000    Top                            
R201     30,700     5,150      90,000     Bottom                         
R202     45,600     16,200     270,000    Top                            
R203     44,000     16,200     90,000     Top                            
R204     32,102     17,365     180,000    Top                            
R205     30,802     17,015     270,000    Top                            
R300     15,300     3,450      180,000    Bottom                         
R301     15,750     2,200      180,000    Bottom                         
R302     23,050     1,700      270,000    Top                            
R303     17,900     11,700     225,000    Top                            
R304     16,450     11,250     135,000    Top                            
R305     20,500     1,700      270,000    Top                            
R306     16,150     4,400      0,000      Bottom                         
R307     16,902     17,315     315,000    Top                            
R308     17,550     18,050     315,000    Top                            
R309     17,552     15,965     225,000    Top                            
R311     27,602     1,165      270,000    Top                            
R312     26,602     1,165      270,000    Top                            
R313     32,202     1,115      270,000    Top                            
R314     33,552     0,765      180,000    Top                            
R315     13,850     13,800     45,000     Top                            
R316     14,452     13,215     45,000     Top                            
R317     15,302     14,715     45,000     Top                            
R400     73,802     11,915     180,000    Top                            
R401     16,150     9,600      135,000    Top                            
R402     77,452     5,915      270,000    Bottom                         
R403     60,302     12,165     180,000    Bottom                         
R404     58,502     12,265     180,000    Bottom                         
R405     56,802     13,215     0,000      Bottom                         
R406     56,802     12,265     0,000      Bottom                         
R500     36,800     3,250      90,000     Top                            
R501     35,200     1,400      180,000    Top                            
R502     34,300     5,850      90,000     Top                            
R503     33,450     11,650     225,000    Top                            
R504     37,800     12,800     180,000    Top                            
R600     4,000      10,800     270,000    Bottom                         
R601     1,702      10,465     0,000      Bottom                         
R602     5,800      8,200      270,000    Bottom                         
R603     56,752     8,415      180,000    Bottom                         
R604     57,802     3,865      0,000      Bottom                         
R605     64,102     7,165      270,000    Bottom                         
R606     54,602     5,265      90,000     Bottom                         
R607     52,702     5,265      270,000    Bottom                         
R608     49,752     9,665      90,000     Bottom                         
R609     51,752     9,665      90,000     Bottom                         
R610     47,052     11,015     0,000      Bottom                         
R611     53,602     10,115     0,000      Bottom                         
R612     45,752     11,015     90,000     Bottom                         
R613     75,752     12,365     270,000    Top                            
R614     75,102     10,215     0,000      Top                            
R615     76,852     16,615     270,000    Top                            
R616     78,552     12,565     180,000    Top                            
R617     75,852     16,615     90,000     Top                            
R618     54,900     11,100     180,000    Bottom                         
R700     86,002     13,515     180,000    Top                            
R701     85,102     15,865     270,000    Top                            
R702     86,252     15,815     90,000     Top                            
R703     87,002     18,065     90,000     Top                            
R800     98,552     10,165     0,000      Bottom                         
R801     107,177    10,615     0,000      Top                            
R802     98,552     14,065     180,000    Bottom                         
R803     107,177    13,640     0,000      Top                            
TP100    66,602     14,165     0,000      Top                            
TP101    99,202     6,465      0,000      Top                            
TP102    79,902     3,215      0,000      Top                            
TP103    38,800     15,100     0,000      Top                            
TP104    16,452     4,815      0,000      Top                            
TP105    60,552     13,465     0,000      Top                            
TP106    88,752     8,015      0,000      Bottom                         
TP107    21,850     2,600      0,000      Top                            
TP108    70,802     11,665     0,000      Bottom                         
TP109    74,202     16,115     0,000      Bottom                         
TP110    79,302     18,765     90,000     Top                            
TP111    84,402     5,365      270,000    Top                            
TP112    79,452     6,615      270,000    Top                            
TP113    24,950     18,900     270,000    Top                            
TP114    49,850     12,850     0,000      Top                            
TP115    48,302     9,115      180,000    Bottom                         
TP116    41,302     7,215      180,000    Bottom                         
TP117    42,602     7,215      0,000      Bottom                         
TP118    42,552     8,515      0,000      Bottom                         
TP119    81,852     11,865     270,000    Bottom                         
TP120    82,252     16,765     180,000    Bottom                         
TP121    81,202     16,515     90,000     Bottom                         
TP122    82,752     11,115     90,000     Bottom                         
TP123    80,352     15,615     270,000    Bottom                         
TP124    86,102     15,915     0,000      Bottom                         
TP125    90,452     8,115      270,000    Bottom                         
TP126    81,302     14,765     270,000    Bottom                         
TP127    93,102     1,665      180,000    Bottom                         
TP200    29,452     1,515      0,000      Top                            
TP201    30,752     1,515      0,000      Top                            
TP202    29,902     16,615     0,000      Top                            
TP203    29,052     18,765     0,000      Top                            
TP204    35,400     3,500      0,000      Top                            
TP205    33,700     13,350     0,000      Top                            
TP206    29,552     17,365     0,000      Top                            
TP207    22,552     3,765      0,000      Top                            
TP208    28,252     18,015     0,000      Top                            
TP209    19,650     18,300     0,000      Top                            
TP210    31,750     7,300      0,000      Bottom                         
TP211    32,750     8,250      0,000      Bottom                         
TP212    41,102     17,315     0,000      Top                            
TP213    46,802     15,165     180,000    Top                            
TP214    46,802     16,115     180,000    Top                            
TP215    51,902     15,165     180,000    Top                            
TP216    51,902     16,115     180,000    Top                            
TP217    63,002     14,515     180,000    Top                            
TP218    65,102     15,065     90,000     Top                            
TP219    37,302     15,465     0,000      Top                            
TP220    62,952     15,765     90,000     Top                            
TP221    57,802     14,415     180,000    Top                            
TP222    22,840     18,490     0,000      Top                            
TP223    32,450     4,750      0,000      Bottom                         
TP300    16,550     3,450      270,000    Bottom                         
TP301    24,200     2,050      0,000      Top                            
TP302    17,550     12,600     0,000      Top                            
TP303    17,350     10,400     0,000      Top                            
TP304    20,500     2,950      0,000      Top                            
TP305    20,400     4,200      270,000    Bottom                         
TP306    14,900     4,400      180,000    Bottom                         
TP307    2,450      7,200      90,000     Top                            
TP308    18,350     16,900     0,000      Top                            
TP309    19,300     15,050     0,000      Top                            
TP310    16,602     16,315     0,000      Top                            
TP311    6,350      15,850     90,000     Top                            
TP312    10,700     14,800     90,000     Top                            
TP313    12,950     16,800     0,000      Top                            
TP314    14,300     17,450     0,000      Top                            
TP315    28,452     1,565      0,000      Top                            
TP316    26,602     2,415      0,000      Top                            
TP317    31,502     2,215      0,000      Top                            
TP318    33,102     1,665      0,000      Top                            
TP319    18,500     13,050     0,000      Top                            
TP320    25,650     2,400      0,000      Top                            
TP321    16,202     15,565     0,000      Top                            
TP322    10,300     5,950      180,000    Top                            
TP323    14,052     9,915      270,000    Top                            
TP324    11,150     5,950      180,000    Top                            
TP325    13,152     9,915      180,000    Top                            
TP326    1,550      13,350     0,000      Top                            
TP327    8,050      10,800     0,000      Bottom                         
TP328    21,400     1,300      0,000      Top                            
TP329    28,500     0,750      0,000      Top                            
TP400    72,752     3,915      0,000      Bottom                         
TP401    72,252     11,915     180,000    Top                            
TP402    82,052     7,265      180,000    Bottom                         
TP403    20,252     3,865      0,000      Top                            
TP404    32,300     11,350     180,000    Bottom                         
TP405    32,650     14,750     180,000    Top                            
TP406    79,452     8,115      180,000    Bottom                         
TP407    83,252     7,465      0,000      Bottom                         
TP408    60,402     10,615     180,000    Top                            
TP409    17,250     8,750      0,000      Top                            
TP410    80,302     7,015      0,000      Bottom                         
TP411    78,416     6,644      0,000      Bottom                         
TP412    57,152     8,665      180,000    Top                            
TP413    58,952     13,165     180,000    Bottom                         
TP414    19,902     6,115      0,000      Top                            
TP500    101,100    1,500      0,000      Top                            
TP501    34,750     2,700      0,000      Top                            
TP502    103,550    1,250      0,000      Top                            
TP503    34,400     7,100      0,000      Top                            
TP504    34,400     4,500      0,000      Top                            
TP505    33,800     10,150     0,000      Top                            
TP506    35,150     12,200     0,000      Top                            
TP507    36,550     12,800     0,000      Top                            
TP508    39,050     12,800     0,000      Top                            
TP600    0,550      14,400     90,000     Top                            
TP601    3,002      10,465     180,000    Bottom                         
TP602    23,600     1,850      90,000     Bottom                         
TP603    1,302      9,365      0,000      Bottom                         
TP604    5,750      3,200      90,000     Bottom                         
TP605    4,900      7,800      180,000    Bottom                         
TP606    55,452     8,365      180,000    Bottom                         
TP607    58,152     8,415      0,000      Bottom                         
TP608    63,102     5,965      270,000    Bottom                         
TP609    62,952     4,765      0,000      Bottom                         
TP610    53,702     4,865      180,000    Bottom                         
TP611    53,702     5,665      270,000    Bottom                         
TP612    53,152     8,265      0,000      Bottom                         
TP613    48,352     11,015     0,000      Bottom                         
TP614    44,802     11,415     0,000      Bottom                         
TP615    52,970     12,040     0,000      Top                            
TP616    54,690     12,060     0,000      Top                            
TP617    76,952     12,715     0,000      Top                            
TP618    75,902     15,365     180,000    Top                            
TP619    75,852     17,815     180,000    Top                            
TP620    78,202     11,565     180,000    Top                            
TP621    79,002     11,615     180,000    Top                            
TP622    78,802     16,165     180,000    Top                            
TP623    -1,250     10,550     0,000      Top                            
TP624    0,550      15,800     0,000      Top                            
TP700    88,552     11,165     0,000      Top                            
TP701    95,502     6,665      0,000      Top                            
TP702    92,502     10,215     0,000      Top                            
TP703    87,952     18,415     0,000      Top                            
TP704    94,002     17,715     0,000      Top                            
TP705    90,302     18,465     0,000      Top                            
TP706    91,652     18,815     0,000      Top                            
TP707    92,652     18,765     0,000      Top                            
TP708    86,402     14,365     0,000      Top                            
TP709    94,802     15,765     0,000      Bottom                         
TP710    94,152     10,315     0,000      Top                            
TP711    95,652     11,515     0,000      Top                            
TP712    95,752     12,765     0,000      Top                            
TP713    95,702     10,715     90,000     Bottom                         
TP714    95,702     13,465     180,000    Bottom                         
TP715    95,952     16,015     0,000      Top                            
TP716    87,952     12,415     0,000      Top                            
TP717    90,502     9,315      0,000      Top                            
TP718    88,352     13,865     0,000      Top                            
TP719    95,927     16,865     90,000     Top                            
TP800    100,352    10,590     0,000      Top                            
TP801    102,952    10,615     0,000      Top                            
TP802    100,352    13,640     0,000      Top                            
TP803    102,952    13,640     0,000      Top                            
U100     82,502     10,815     90,000     Top                            
U101     45,002     7,515      180,000    Bottom                         
U102     83,552     13,665     90,000     Bottom                         
U103     90,652     2,615      0,000      Bottom                         
U200     26,002     10,415     45,000     Top                            
U201     60,502     16,465     180,000    Top                            
U400     80,216     4,412      90,000     Bottom                         
U600     6,350      5,000      90,000     Bottom                         
U601     9,250      5,050      90,000     Bottom                         
U700     91,727     13,540     90,000     Top                            
V200     44,900     13,100     270,000    Top                            
V201     46,500     13,100     270,000    Top                            
X100     55,602     3,665      180,000    Top                            
X600     -1,898     14,615     90,000     Top                            
X601     -1,898     12,015     90,000     Top                            
Y200     35,452     17,315     270,000    Top                            
Y700     99,352     16,865     270,000    Top                            
------------------------------------------------------------------------
